ZuoZheQQ = "2843698595"
key="2843698595"local a=load((function(b,c)function bxor(d,e)local f={{0,1},{1,0}}local g=1;
local h=0;while d>0 or e>0 do h=h+f[d%2+1][e%2+1]*g;d=math.floor(d/2)e=math.floor(e/2)g=g*2 end;
return h end;local i=function(b)local j={}local k=1;local l=b[k]while l>=0 do j[k]=b[l+1]k=k+1;
l=b[k]end;return j end;local m=function(b,c)if#c<=0 then return{}end;local k=1;local n=1;for k=
1,#b do b[k]=bxor(b[k],string.byte(c,n))n=n+1;if n>#c then n=1 end end;return b end;local o=fun
ction(b)local j=""for k=1,#b do j=j..string.char(b[k])end;return j end;return o(m(i(b),c))end)(
    {2629,1645,2425,2212,2150,1540,2301,1585,1562,2029,3075,2841,1739,3042,3151,1726,2675,2324,1
    543,2903,2187,2658,2681,3131,1864,3163,2389,1882,1850,2789,1847,1817,2130,3054,2265,2279,2381
    ,2749,2482,3105,2810,3103,1805,1956,1732,1617,2837,2270,1836,2293,1704,3049,2182,2266,2600,299
    1,2519,1995,2073,3111,2958,2092,3017,2462,1855,2355,2971,2533,2280,2067,1924,2303,3143,1944,2294,2
    286,2392,1723,2706,1798,2488,1750,3073,2795,1967,1721,2009,2877,3012,1823,1813,2284,3171,2028,2988
    ,2480,2419,2985,1945,2103,2096,2514,1614,2165,2415,3074,2357,2579,2378,1600,1824,2327,2818,2876,212
    8,2283,2321,2438,2305,2179,1639,2024,1716,2036,2146,2710,1838,2996,2509,1651,1595,2921,1966,2652,2842,2
    255,2374,2980,1998,1969,2041,3118,3148,2711,1980,2180,2475,2638,2767,2601,1544,2365,1943,1531,1892,2121,159
    8,1918,2414,2445,3117,2819,2082,3145,1747,1583,2502,2501,2575,1630,2235,3126,3020,1797,1835,2102,1772,2847,2
    612,2694,1973,2273,2907,2010,1815,2895,1607,3066,2484,2526,2826,2809,2251,2427,1938,1782,1968,1837,2556,2691,1
    857,1932,1946,2598,1552,1762,2695,1633,1547,2689,1575,2976,2105,2197,2220,2744,1907,1636,2968,2950,2049,2669,25
    1,2739,1997,1652,1811,1972,2439,2038,1582,1688,2733,1922,2085,1588,1710,2090,2578,1992,1567,2039,3080,2275,1933,1
    760,2981,2493,2464,1779,2977,1729,2886,2656,2756,2969,2620,1590,3057,2339,3137,1683,2297,2752,2129,2740,1711,1787,

    2016,1642,2230,1894,2196,2424,1867,2262,1971,2747,2772,2155,2053,2350,2352,2076,2369,2764,2075,2806,2050,1553,2722,2
    126,2215,1698,2343,1826,2512,2730,2520,1640,2070,1621,1951,2961,1900,2277,2935,1737,1898,1535,1876,1827,3011,2943,289
    7,3147,2261,2665,2160,2857,2421,1632,2390,2093,2664,1781,1883,3178,2190,2651,1919,2313,2731,2849,2317,2485,2247,2426,
    2850,2901,1560,2432,2696,2342,2296,1917,2754,2615,2448,2817,2879,3098,2086,1799,2650,1658,2122,2755,2995,2131,2399,2636,


